Nominal TCA = 1.50 days 

Object 1 Specs:
COE = [8000.00 km, 0.15, 1.05 rad, 0.00 rad, 0.00 rad, 0.00 rad] 
Initial Cartesian Covariance [km;km/s] = 
6.766400e-03, -2.918300e-03, 2.711200e-03, -9.981600e-07, -1.763600e-07, 2.179700e-06
-2.918300e-03, 5.348000e-03, -1.167100e-03, -1.586100e-06, -3.520300e-07, 3.341400e-06
2.711200e-03, -1.167100e-03, 1.087000e-03, -3.988300e-07, -7.594500e-08, 8.614800e-07
-9.981600e-07, -1.586100e-06, -3.988300e-07, 9.458700e-09, -1.137500e-10, 1.151100e-09
-1.763600e-07, -3.520300e-07, -7.594500e-08, -1.137500e-10, 9.884400e-09, 8.567100e-11
2.179700e-06, 3.341400e-06, 8.614800e-07, 1.151100e-09, 8.567100e-11, 7.285900e-09


Object 2 Specs:
COE = [9843.34 km, 0.24, 1.08 rad, -0.19 rad, 0.97 rad, -1.53 rad] 
Initial Cartesian Covariance [km;km/s] = 
6.766400e-03, -2.918300e-03, 2.711200e-03, -9.981600e-07, -1.763600e-07, 2.179700e-06
-2.918300e-03, 5.348000e-03, -1.167100e-03, -1.586100e-06, -3.520300e-07, 3.341400e-06
2.711200e-03, -1.167100e-03, 1.087000e-03, -3.988300e-07, -7.594500e-08, 8.614800e-07
-9.981600e-07, -1.586100e-06, -3.988300e-07, 9.458700e-09, -1.137500e-10, 1.151100e-09
-1.763600e-07, -3.520300e-07, -7.594500e-08, -1.137500e-10, 9.884400e-09, 8.567100e-11
2.179700e-06, 3.341400e-06, 8.614800e-07, 1.151100e-09, 8.567100e-11, 7.285900e-09


Results from analysis:
MC Pc = 0.0000467000 for 1.00e+07 points, , with runtime of NaN seconds.
GMM-STT Method Pc for 37 GMMs = 0.0000388949, with runtime of NaN seconds.
GMM-STT Method Pc for 101 GMMs = 0.0000489523, with runtime of NaN seconds.
GMM-STT Method Pc for 301 GMMs = 0.0000486598, with runtime of NaN seconds.
GMM-STT Method Pc for 500 GMMs = 0.0000485605, with runtime of NaN seconds.
